83
70
67
79
74
77
81
69
77
72
64
75
82
80
76
74
76
72
73
76
71
60
77
77
65
84
64
78
77
76
73
77
66
65
62
80
66
69
69
70
70
74
72
78
79
75
75
77
81
83
75
81
77
71
68
93
79
64
79
68
73
72
69
88
81
69
72
67
73
73
83
77
86
78
70
72
74
77
77
72
63
71
66
71
85
78
70
63
67
73
70
77
68
71
77
73
76
86
85
75
80
75
68
73
86
78
72
74
73
89
75
73
75
65
86
76
75
72
77
82
84
87
75
69
70
76
80
77
70
65
75
69
73
80
69
83
75
70
73
68
83
74
68
81
75
69
74
82
65
78
74
81
75
71
68
83
70
78
77
74
77
71
79
71
70
76
83
59
70
57
69
78
76
71
61
67
75
75
68
86
76
71
73
62
68
78
83
73
75
76
80
79
74
78
74
86
81
82
71
77
86
64
76
73
73
74
62
68
76
74
78
77
74
72
78
68
65
66
80
70
75
79
69
77
68
77
64
73
80
75
68
61
74
75
72
81
69
85
71
71
78
70
69
75
68
67
86
85
81
81
77
72
85
70
83
77
71
74
72
78
63
86
76
86
95
66
82
78
67
77
72
77
69
80
83
71
77
67
69
66
78
75
74
76
69
75
80
80
65
64
73
67
73
71
67
73
78
79
79
79
78
75
80
75
83
78
71
83
68
68
78
73
76
76
76
71
83
67
82
78
77
75
73
78
80
77
71
71
73
70
78
68
79
77
75
68
86
74
73
70
73
72
77
83
78
72
78
84
73
80
67
74
82
69
81
74
81
72
77
79
78
79
77
77
79
67
70
77
77
75
65
66
63
61
68
73
70
66
65
80
75
84
74
70
75
67
73
77
73
78
74
80
81
80
80
78
72
73
78
77
67
71
73
70
80
77
78
76
60
79
65
69
77
72
79
71
71
74
70
86
81
79
73
69
78
73
72
74
74
77
74
74
83
86
75
68
80
71
71
73
70
71
82
79
68
80
74
73
72
76
72
78
63
69
80
73
72
84
75
68
74
66
84
75
85
82
78
69
71
71
74
80
72
74
70
81
68
72
73
84
70
76
71
63
74
76
79
77
64
64
77
66
69
87
72
73
71
83
75
77
74
75
81
78
68
71
82
82
72
73
67
75
74
71
74
83
80
68
71
69
78
67
79
72
73
68
74
65
77
72
75
77
73
71
70
71
76
75
84
68
78
74
87
80
72
77
72
84
71
78
76
71
73
65
69
74
76
75
68
76
66
71
79
70
67
83
75
71
77
73
79
77
71
76
71
75
83
81
76
66
76
63
70
68
67
67
75
88
71
75
79
75
64
76
68
76
82
84
74
67
68
69
70
73
82
67
72
80
85
77
68
73
81
69
81
79
81
71
65
73
71
66
82
69
62
79
78
68
71
72
70
73
75
76
83
74
75
82
81
73
77
86
71
74
70
83
73
73
78
72
77
68
71
74
79
84
67
72
69
72
76
89
76
69
85
82
75
70
75
74
78
83
70
73
84
76
81
65
73
65
80
81
76
87
70
75
73
70
67
88
80
74
81
69
79
70
82
80
65
66
63
70
73
71
73
81
72
71
75
70
70
66
71
69
71
77
80
72
79
81
76
72
82
74
77
81
80
76
78
75
78
68
78
71
72
73
75
76
75
83
76
81
76
78
69
78
69
77
75
71
77
92
72
86
70
65
80
84
66
72
73
69
73
74
80
77
78
61
67
81
75
71
79
82
70
82
70
70
76
73
66
76
71
67
73
79
69
80
80
67
82
62
74
74
76
70
78
67
69
80
73
80
69
70
73
90
73
69
71
65
75
73
63
67
78
76
68
72
81
74
77
64
88
68
79
83
75
83
72
79
88
77
71
78
80
83
71
61
70
66
76
63
73
70
78
76
67
68
81
74
73
77
71
80
79
65
73
79
86
77
71
65
79
71
73
81
78
77
73
77
78
81
79
62
75
70
67
72
72
59
60
82
80
73
81
72
76
71
87
76
79
72
76
75
78
73
72
62
70
82
80
86
76
79
77
77
74
71
67
74
73
78
82
80
71
74
76
76
79
64
79
72
80
87
66
78
86
81
93
87
76
67
84
64
76
79
72
71
77
72
73
73
80
76
62
73
72
72
71
75
79
71
70
64
72
85
85
77
86
74
74
73
75
81
79
76
80
71
71
69
73
67
69
88
68
84
74
79
86
73
64
65
62
78
79
74
69
81
76
80
77
74
79
82
67
79
79
72
83
84
